*************** Q table for run 0 ***************
State#	Xcoord	Ycoord	|	North	East	South	West
0		0		0		|	-2.434	-2.508	-2.489	-2.479
1		0		1		|	-2.390	-2.492	-2.464	-2.483
2		0		2		|	-2.392	-2.379	-2.375	-2.389
3		0		3		|	-2.097	-1.461	-2.130	-2.092
4		0		4		|	-1.689	-1.856	-1.749	-1.694
5		0		5		|	-1.445	-1.367	-1.389	-1.300
6		0		6		|	-1.283	-1.159	-1.156	-1.199
7		0		7		|	-1.079	-1.061	-1.007	-1.096
8		0		8		|	-0.933	-0.890	-0.953	-0.892
9		0		9		|	-0.792	-0.866	-0.843	-0.800
10		1		0		|	-2.541	-2.544	-2.499	-2.455
11		1		1		|	-2.556	-2.548	-2.568	-2.523
12		1		2		|	1.054	-2.523	-2.561	-2.589
13		1		3		|	-2.194	2.888	-2.092	-2.274
14		1		4		|	-1.738	-0.781	-1.804	-1.709
15		1		5		|	-1.320	-1.357	-1.304	-1.321
16		1		6		|	-1.067	-1.044	-1.047	-1.142
17		1		7		|	-0.922	-0.915	-0.996	-0.916
18		1		8		|	-0.747	-0.753	-0.863	-0.824
19		1		9		|	-0.797	-0.751	-0.710	-0.738
20		2		0		|	-2.381	-2.450	-2.381	-2.466
21		2		1		|	1.501	-2.589	-2.571	-2.607
22		2		2		|	3.000	2.264	-1.018	-1.163
23		2		3		|	1.237	4.000	1.429	0.542
24		2		4		|	-1.482	4.108	-1.673	-1.560
25		2		5		|	-1.046	-0.966	-1.042	-1.044
26		2		6		|	-0.746	-0.272	-0.800	-0.892
27		2		7		|	-0.671	-0.697	-0.645	-0.741
28		2		8		|	-0.575	-0.646	-0.625	-0.618
29		2		9		|	-0.490	-0.564	-0.605	-0.600
30		3		0		|	-2.130	-2.056	-2.100	-2.236
31		3		1		|	-2.207	-2.151	-2.115	-1.182
32		3		2		|	3.970	-2.047	-2.395	-1.877
33		3		3		|	3.636	5.000	2.295	2.409
34		3		4		|	-0.992	5.943	-0.112	-0.636
35		3		5		|	-0.586	1.548	-0.700	-0.670
36		3		6		|	-0.290	2.933	-0.316	-0.310
37		3		7		|	-0.390	-0.461	0.064	-0.413
38		3		8		|	-0.401	-0.464	-0.469	-0.426
39		3		9		|	-0.482	-0.473	-0.400	-0.426
40		4		0		|	-1.742	-1.731	-1.698	-1.718
41		4		1		|	-1.664	-1.644	-1.692	-1.666
42		4		2		|	-0.839	4.248	-1.459	-0.663
43		4		3		|	5.305	6.000	2.084	3.023
44		4		4		|	0.519	6.999	2.600	0.597
45		4		5		|	-0.190	7.164	-0.328	-0.299
46		4		6		|	-0.190	8.766	-0.110	-0.110
47		4		7		|	-0.200	-0.263	0.671	-0.319
48		4		8		|	-0.300	-0.290	-0.299	-0.329
49		4		9		|	-0.300	-0.381	-0.300	-0.319
50		5		0		|	-1.439	-1.437	-1.396	-1.365
51		5		1		|	-0.254	-1.286	-1.327	-1.269
52		5		2		|	5.967	-1.028	-1.171	-0.975
53		5		3		|	7.000	2.499	4.125	3.856
54		5		4		|	8.000	5.626	4.718	5.445
55		5		5		|	9.000	8.477	6.628	3.729
56		5		6		|	1.415	10.000	7.383	6.486
57		5		7		|	-0.200	4.692	0.810	-0.194
58		5		8		|	-0.200	-0.278	-0.200	-0.210
59		5		9		|	-0.300	-0.290	-0.300	-0.210
60		6		0		|	-1.149	-1.181	-1.194	-1.147
61		6		1		|	-0.987	-1.067	-1.021	-1.010
62		6		2		|	0.107	-0.660	-0.743	-0.663
63		6		3		|	5.966	-0.390	-0.540	-0.219
64		6		4		|	8.791	-0.100	-0.100	0.610
65		6		5		|	9.996	-0.158	0.730	0.992
66		6		6		|	0.000	0.000	0.000	0.000
67		6		7		|	-0.172	-0.200	8.499	0.000
68		6		8		|	-0.100	-0.100	1.149	-0.100
69		6		9		|	-0.200	-0.200	-0.200	-0.210
70		7		0		|	-0.977	-1.032	-1.000	-0.979
71		7		1		|	-0.894	-0.869	-0.923	-0.870
72		7		2		|	-0.683	-0.678	-0.658	-0.640
73		7		3		|	-0.370	-0.503	-0.449	0.031
74		7		4		|	-0.190	-0.200	-0.211	0.079
75		7		5		|	0.081	-0.100	-0.100	1.370
76		7		6		|	-0.100	-0.100	-0.100	3.439
77		7		7		|	-0.200	-0.200	0.000	-0.100
78		7		8		|	-0.200	-0.200	-0.200	-0.100
79		7		9		|	-0.200	-0.200	-0.200	-0.200
80		8		0		|	-0.861	-0.779	-0.800	-0.834
81		8		1		|	-0.739	-0.780	-0.701	-0.822
82		8		2		|	-0.613	-0.599	-0.626	-0.621
83		8		3		|	-0.463	-0.507	-0.437	-0.512
84		8		4		|	-0.380	-0.309	-0.321	-0.290
85		8		5		|	-0.290	-0.210	-0.210	-0.190
86		8		6		|	-0.200	-0.200	-0.200	-0.171
87		8		7		|	-0.200	-0.200	-0.200	-0.200
88		8		8		|	-0.200	-0.200	-0.200	-0.200
89		8		9		|	-0.200	-0.200	-0.190	-0.200
90		9		0		|	-0.780	-0.690	-0.700	-0.710
91		9		1		|	-0.764	-0.700	-0.698	-0.698
92		9		2		|	-0.661	-0.600	-0.619	-0.603
93		9		3		|	-0.555	-0.500	-0.519	-0.501
94		9		4		|	-0.381	-0.490	-0.410	-0.399
95		9		5		|	-0.299	-0.200	-0.310	-0.200
96		9		6		|	-0.200	-0.200	-0.200	-0.281
97		9		7		|	-0.200	-0.200	-0.200	-0.200
98		9		8		|	-0.200	-0.200	-0.200	-0.200
99		9		9		|	-0.200	-0.200	-0.200	-0.200

*************** Q table for run 1 ***************
State#	Xcoord	Ycoord	|	North	East	South	West
0		0		0		|	-2.656	-2.594	-2.587	-2.583
1		0		1		|	-2.486	-2.587	-2.667	-2.581
2		0		2		|	-2.377	-2.419	-2.458	-2.368
3		0		3		|	-2.166	-2.099	-2.100	-2.192
4		0		4		|	-1.832	-1.832	-1.779	-1.800
5		0		5		|	-1.496	-1.529	-1.506	-1.500
6		0		6		|	-1.131	-1.126	-1.258	-1.200
7		0		7		|	-0.897	-0.879	-0.990	-0.896
8		0		8		|	-0.837	-0.789	-0.752	-0.800
9		0		9		|	-0.700	-0.773	-0.726	-0.700
10		1		0		|	-2.564	-2.489	-2.486	-2.579
11		1		1		|	-2.296	-2.571	-2.561	-2.592
12		1		2		|	-2.582	1.429	-2.907	-2.599
13		1		3		|	-2.209	-2.164	-2.260	-2.199
14		1		4		|	-1.777	-1.771	-1.801	-1.725
15		1		5		|	-1.257	-1.255	-1.436	-1.404
16		1		6		|	-0.913	-0.154	-1.033	-0.930
17		1		7		|	-0.828	-0.756	-0.759	-0.819
18		1		8		|	-0.691	-0.742	-0.720	-0.723
19		1		9		|	-0.690	-0.669	-0.706	-0.625
20		2		0		|	-2.153	-2.392	-2.399	-2.457
21		2		1		|	-2.132	1.527	-2.780	-2.608
22		2		2		|	-1.180	3.000	-0.385	-0.763
23		2		3		|	-2.177	1.807	-2.209	-2.301
24		2		4		|	-1.457	-1.390	-1.653	-1.564
25		2		5		|	-0.598	-0.912	-0.938	-0.949
26		2		6		|	-0.725	2.511	-0.547	-0.744
27		2		7		|	-0.568	-0.619	-0.573	-0.654
28		2		8		|	-0.601	-0.473	-0.618	-0.537
29		2		9		|	-0.563	-0.561	-0.597	-0.519
30		3		0		|	-1.426	-2.144	-2.097	-2.170
31		3		1		|	2.962	-1.315	-2.345	-1.860
32		3		2		|	2.023	4.000	0.945	1.585
33		3		3		|	-1.396	4.612	-1.028	-1.618
34		3		4		|	-0.922	0.408	-1.066	-0.996
35		3		5		|	0.758	-0.571	-0.547	-0.647
36		3		6		|	-0.281	5.725	-0.389	-0.159
37		3		7		|	-0.300	-0.335	0.172	-0.327
38		3		8		|	-0.399	-0.381	-0.300	-0.319
39		3		9		|	-0.399	-0.480	-0.391	-0.401
40		4		0		|	-1.044	-1.685	-1.679	-1.748
41		4		1		|	3.610	-1.231	-1.694	-1.699
42		4		2		|	2.980	5.000	1.284	2.498
43		4		3		|	-0.096	5.962	-1.056	-0.828
44		4		4		|	-0.475	4.137	-0.550	-0.568
45		4		5		|	2.480	-0.290	-0.221	-0.298
46		4		6		|	-0.200	8.451	-0.056	-0.110
47		4		7		|	-0.200	-0.190	1.515	-0.120
48		4		8		|	-0.300	-0.290	-0.290	-0.210
49		4		9		|	-0.300	-0.300	-0.381	-0.319
50		5		0		|	-1.325	-1.267	-1.295	-1.257
51		5		1		|	4.844	-1.078	-1.128	-0.875
52		5		2		|	4.892	6.000	3.331	3.453
53		5		3		|	0.132	7.000	0.294	0.035
54		5		4		|	0.189	7.921	0.412	-0.007
55		5		5		|	8.385	0.810	0.612	-0.039
56		5		6		|	-0.195	9.991	-0.162	0.456
57		5		7		|	-0.200	-0.100	-0.190	-0.059
58		5		8		|	-0.300	-0.200	-0.276	-0.100
59		5		9		|	-0.300	-0.300	-0.290	-0.200
60		6		0		|	-0.927	-0.906	-0.899	-0.914
61		6		1		|	5.099	-0.890	-0.728	-0.692
62		6		2		|	7.000	2.223	2.546	4.405
63		6		3		|	8.000	4.284	5.776	4.519
64		6		4		|	9.000	4.783	6.636	6.281
65		6		5		|	10.000	4.962	7.661	6.027
66		6		6		|	0.000	0.000	0.000	0.000
67		6		7		|	-0.100	-0.100	2.710	0.000
68		6		8		|	-0.200	-0.200	0.009	-0.100
69		6		9		|	-0.300	-0.290	-0.289	-0.200
70		7		0		|	-0.760	-0.770	-0.700	-0.746
71		7		1		|	-0.166	-0.653	-0.708	-0.757
72		7		2		|	-0.457	-0.492	-0.538	5.127
73		7		3		|	-0.281	-0.443	-0.325	6.545
74		7		4		|	-0.190	-0.414	-0.210	7.352
75		7		5		|	-0.100	-0.110	-0.100	8.142
76		7		6		|	-0.200	-0.100	-0.100	0.000
77		7		7		|	-0.200	-0.100	-0.190	-0.100
78		7		8		|	-0.200	-0.200	-0.200	-0.200
79		7		9		|	-0.200	-0.200	-0.200	-0.300
80		8		0		|	-0.670	-0.698	-0.600	-0.640
81		8		1		|	-0.551	-0.588	-0.610	-0.642
82		8		2		|	-0.481	-0.497	-0.420	-0.430
83		8		3		|	-0.389	-0.399	-0.419	0.692
84		8		4		|	-0.290	-0.318	-0.409	0.218
85		8		5		|	-0.190	-0.200	-0.200	0.622
86		8		6		|	-0.200	-0.210	-0.190	-0.100
87		8		7		|	-0.200	-0.210	-0.190	-0.100
88		8		8		|	-0.200	-0.200	-0.200	-0.200
89		8		9		|	-0.200	-0.200	-0.200	-0.200
90		9		0		|	-0.678	-0.681	-0.600	-0.600
91		9		1		|	-0.573	-0.600	-0.584	-0.622
92		9		2		|	-0.473	-0.500	-0.510	-0.401
93		9		3		|	-0.463	-0.400	-0.309	-0.407
94		9		4		|	-0.390	-0.300	-0.310	-0.373
95		9		5		|	-0.290	-0.300	-0.300	-0.272
96		9		6		|	-0.290	-0.290	-0.300	-0.200
97		9		7		|	-0.200	-0.300	-0.300	-0.200
98		9		8		|	-0.200	-0.200	-0.200	-0.200
99		9		9		|	-0.290	-0.200	-0.200	-0.200

*************** Q table for run 2 ***************
State#	Xcoord	Ycoord	|	North	East	South	West
0		0		0		|	-2.584	-2.620	-2.575	-2.589
1		0		1		|	-2.650	-2.608	-2.573	-2.600
2		0		2		|	-2.555	-2.634	-2.564	-2.600
3		0		3		|	-2.269	-2.309	-2.403	-2.382
4		0		4		|	-1.857	-1.797	-2.093	-1.878
5		0		5		|	-1.493	-1.457	-1.510	-1.500
6		0		6		|	-1.203	-1.208	-1.140	-1.200
7		0		7		|	-0.992	-1.048	-1.001	-0.998
8		0		8		|	-0.841	-0.774	-0.887	-0.800
9		0		9		|	-0.691	-0.773	-0.727	-0.691
10		1		0		|	-2.582	-2.675	-2.583	-2.590
11		1		1		|	-2.638	-1.992	-2.613	-2.666
12		1		2		|	-2.731	1.756	-2.751	-2.742
13		1		3		|	-2.277	-2.285	-1.733	-2.307
14		1		4		|	-1.815	-1.779	-1.835	-1.804
15		1		5		|	-1.377	-1.335	-1.432	-1.337
16		1		6		|	-1.076	-0.851	-1.025	-1.030
17		1		7		|	-0.916	-0.908	-0.885	-0.921
18		1		8		|	-0.677	-0.767	-0.857	-0.716
19		1		9		|	-0.700	-0.663	-0.704	-0.628
20		2		0		|	-1.881	-2.517	-2.586	-2.601
21		2		1		|	1.903	-2.640	-2.786	-2.757
22		2		2		|	-0.313	3.000	0.472	0.008
23		2		3		|	-2.188	2.354	-1.396	-2.332
24		2		4		|	-1.532	-1.262	-1.640	-1.546
25		2		5		|	-0.994	-0.755	-1.085	-1.058
26		2		6		|	-0.644	0.797	-0.917	-0.739
27		2		7		|	-0.663	-0.638	-0.640	-0.644
28		2		8		|	-0.589	-0.627	-0.617	-0.633
29		2		9		|	-0.590	-0.564	-0.603	-0.527
30		3		0		|	-1.565	-2.278	-2.298	-2.265
31		3		1		|	2.751	-2.031	-2.454	-2.113
32		3		2		|	3.391	4.000	1.081	1.422
33		3		3		|	-1.223	4.988	-0.660	-1.720
34		3		4		|	-0.785	5.374	-1.180	-1.214
35		3		5		|	1.799	-0.607	-0.687	-0.635
36		3		6		|	-0.282	5.457	-0.412	-0.492
37		3		7		|	-0.400	-0.371	0.309	-0.335
38		3		8		|	-0.498	-0.473	-0.470	-0.425
39		3		9		|	-0.490	-0.471	-0.499	-0.429
40		4		0		|	-1.961	-1.988	-1.971	-1.963
41		4		1		|	2.369	-1.827	-1.922	-1.893
42		4		2		|	5.000	2.680	-0.444	1.945
43		4		3		|	6.000	4.955	3.107	2.906
44		4		4		|	4.933	7.000	4.353	2.916
45		4		5		|	1.125	7.355	-0.035	-0.309
46		4		6		|	-0.200	8.325	-0.180	-0.100
47		4		7		|	-0.200	-0.190	0.090	-0.221
48		4		8		|	-0.299	-0.380	-0.291	-0.335
49		4		9		|	-0.300	-0.290	-0.376	-0.312
50		5		0		|	-1.525	-1.569	-1.600	-1.746
51		5		1		|	-1.331	-1.400	-1.435	-1.403
52		5		2		|	5.330	-0.977	-1.041	-1.023
53		5		3		|	6.994	-0.627	-0.641	0.866
54		5		4		|	6.846	8.000	4.792	5.439
55		5		5		|	8.993	3.029	0.601	-0.042
56		5		6		|	0.231	10.000	1.109	0.717
57		5		7		|	-0.100	-0.090	3.567	-0.109
58		5		8		|	-0.200	-0.200	-0.262	-0.200
59		5		9		|	-0.200	-0.200	-0.290	-0.210
60		6		0		|	-1.175	-1.171	-1.196	-1.239
61		6		1		|	-0.519	-0.934	-0.937	-1.040
62		6		2		|	2.475	-0.664	-0.731	-0.243
63		6		3		|	7.719	-0.496	-0.277	0.314
64		6		4		|	9.000	5.508	5.781	5.666
65		6		5		|	10.000	6.422	7.417	6.795
66		6		6		|	0.000	0.000	0.000	0.000
67		6		7		|	-0.110	-0.100	1.900	0.000
68		6		8		|	-0.200	-0.200	-0.190	-0.100
69		6		9		|	-0.200	-0.200	-0.190	-0.200
70		7		0		|	-0.960	-0.930	-0.900	-0.960
71		7		1		|	-0.824	-0.776	-0.812	-0.872
72		7		2		|	-0.650	-0.684	-0.627	-0.538
73		7		3		|	-0.445	-0.416	-0.553	-0.347
74		7		4		|	0.371	-0.300	-0.211	7.620
75		7		5		|	-0.090	-0.210	-0.100	8.613
76		7		6		|	-0.100	-0.100	-0.100	1.900
77		7		7		|	-0.200	-0.100	-0.100	-0.100
78		7		8		|	-0.200	-0.110	-0.190	-0.200
79		7		9		|	-0.200	-0.200	-0.200	-0.200
80		8		0		|	-0.792	-0.781	-0.800	-0.825
81		8		1		|	-0.744	-0.689	-0.700	-0.729
82		8		2		|	-0.564	-0.600	-0.606	-0.620
83		8		3		|	-0.480	-0.400	-0.409	-0.476
84		8		4		|	-0.379	-0.302	-0.300	-0.351
85		8		5		|	-0.290	-0.200	-0.200	-0.238
86		8		6		|	-0.200	-0.200	-0.190	-0.190
87		8		7		|	-0.200	-0.110	-0.200	-0.100
88		8		8		|	-0.200	-0.209	-0.200	-0.100
89		8		9		|	-0.190	-0.200	-0.190	-0.190
90		9		0		|	-0.695	-0.681	-0.698	-0.727
91		9		1		|	-0.673	-0.600	-0.600	-0.685
92		9		2		|	-0.589	-0.600	-0.608	-0.501
93		9		3		|	-0.481	-0.500	-0.410	-0.499
94		9		4		|	-0.308	-0.400	-0.400	-0.399
95		9		5		|	-0.299	-0.300	-0.310	-0.200
96		9		6		|	-0.200	-0.200	-0.291	-0.200
97		9		7		|	-0.200	-0.200	-0.200	-0.100
98		9		8		|	-0.200	-0.200	-0.190	-0.200
99		9		9		|	-0.200	-0.200	-0.190	-0.200

*************** Q table for run 3 ***************
State#	Xcoord	Ycoord	|	North	East	South	West
0		0		0		|	-2.478	-2.409	-2.572	-2.391
1		0		1		|	-2.446	-2.376	-2.372	-2.400
2		0		2		|	-2.400	-2.401	-2.307	-2.393
3		0		3		|	-2.178	-2.038	-2.102	-2.100
4		0		4		|	-1.726	-1.708	-1.853	-1.684
5		0		5		|	-1.358	-1.434	-1.370	-1.400
6		0		6		|	-1.066	-1.133	-1.108	-0.995
7		0		7		|	-0.923	-0.878	-0.988	-0.900
8		0		8		|	-0.659	-0.700	-0.856	-0.700
9		0		9		|	-0.600	-0.675	-0.602	-0.600
10		1		0		|	-2.357	-2.430	-2.394	-2.485
11		1		1		|	-2.452	-1.877	-2.435	-2.391
12		1		2		|	-2.422	1.899	-2.625	-2.561
13		1		3		|	-1.618	2.446	-1.859	-2.111
14		1		4		|	-1.610	3.676	-1.417	-1.635
15		1		5		|	-1.267	-1.247	-1.241	-1.251
16		1		6		|	-0.931	-0.423	-0.869	-0.934
17		1		7		|	-0.782	-0.741	-0.821	-0.814
18		1		8		|	-0.690	-0.695	-0.700	-0.608
19		1		9		|	-0.600	-0.581	-0.672	-0.600
20		2		0		|	-2.394	-2.418	-2.400	-2.414
21		2		1		|	1.507	-2.570	-2.636	-2.515
22		2		2		|	3.000	0.909	-0.671	0.548
23		2		3		|	4.000	3.282	1.326	0.360
24		2		4		|	1.458	5.000	2.648	1.743
25		2		5		|	-0.913	4.497	-1.045	-1.044
26		2		6		|	-0.665	2.742	-0.641	-0.650
27		2		7		|	-0.563	-0.556	-0.632	-0.651
28		2		8		|	-0.593	-0.589	-0.606	-0.535
29		2		9		|	-0.581	-0.558	-0.602	-0.515
30		3		0		|	-2.155	-2.150	-2.096	-2.132
31		3		1		|	-2.118	-2.127	-2.136	-1.871
32		3		2		|	3.375	-2.044	-2.033	-2.055
33		3		3		|	4.996	-1.048	-1.408	-1.041
34		3		4		|	5.475	6.000	3.267	3.653
35		3		5		|	6.991	2.045	-0.684	-0.535
36		3		6		|	-0.463	8.000	0.854	-0.270
37		3		7		|	-0.484	0.297	0.502	-0.321
38		3		8		|	-0.498	-0.561	-0.416	-0.427
39		3		9		|	-0.400	-0.482	-0.401	-0.502
40		4		0		|	-1.749	-1.810	-1.773	-1.842
41		4		1		|	-1.684	-1.722	-1.726	-1.779
42		4		2		|	-0.789	-1.503	-1.464	-1.627
43		4		3		|	4.735	-0.938	-1.127	-1.061
44		4		4		|	7.000	5.245	1.852	4.345
45		4		5		|	8.000	7.492	5.678	4.994
46		4		6		|	5.037	9.000	6.570	6.097
47		4		7		|	-0.392	0.229	7.461	-0.219
48		4		8		|	-0.390	-0.381	-0.382	-0.420
49		4		9		|	-0.400	-0.381	-0.399	-0.319
50		5		0		|	-1.520	-1.446	-1.495	-1.485
51		5		1		|	-1.351	-1.361	-1.327	-1.412
52		5		2		|	-1.063	-1.091	-1.062	-1.177
53		5		3		|	1.304	-0.617	-0.668	-0.706
54		5		4		|	7.525	0.217	-0.391	0.862
55		5		5		|	8.999	2.144	0.449	1.330
56		5		6		|	3.313	10.000	7.355	6.508
57		5		7		|	-0.200	6.664	1.629	-0.110
58		5		8		|	-0.300	-0.271	-0.200	-0.210
59		5		9		|	-0.300	-0.290	-0.300	-0.210
60		6		0		|	-1.128	-1.176	-1.200	-1.249
61		6		1		|	-1.041	-1.053	-1.018	-1.008
62		6		2		|	-0.446	-0.657	-0.739	-0.659
63		6		3		|	1.592	-0.492	-0.337	-0.327
64		6		4		|	5.575	-0.100	-0.110	-0.100
65		6		5		|	9.282	0.000	0.000	0.000
66		6		6		|	0.000	0.000	0.000	0.000
67		6		7		|	-0.151	-0.100	9.354	0.509
68		6		8		|	-0.100	-0.100	0.969	-0.100
69		6		9		|	-0.200	-0.200	-0.199	-0.100
70		7		0		|	-1.048	-1.015	-0.969	-0.987
71		7		1		|	-0.827	-0.830	-1.027	-0.884
72		7		2		|	-0.631	-0.676	-0.642	-0.619
73		7		3		|	-0.446	-0.494	-0.436	-0.341
74		7		4		|	-0.190	-0.200	-0.210	0.167
75		7		5		|	-0.100	-0.100	-0.100	0.865
76		7		6		|	-0.100	-0.100	-0.100	0.000
77		7		7		|	-0.100	-0.100	-0.100	-0.100
78		7		8		|	-0.100	-0.100	-0.100	-0.100
79		7		9		|	-0.200	-0.100	-0.100	-0.100
80		8		0		|	-0.783	-0.858	-0.800	-0.862
81		8		1		|	-0.745	-0.798	-0.708	-0.735
82		8		2		|	-0.628	-0.588	-0.646	-0.615
83		8		3		|	-0.449	-0.498	-0.429	-0.506
84		8		4		|	-0.290	-0.319	-0.346	-0.290
85		8		5		|	-0.200	-0.210	-0.210	-0.247
86		8		6		|	-0.200	-0.200	-0.200	-0.100
87		8		7		|	-0.200	-0.200	-0.200	-0.100
88		8		8		|	-0.200	-0.200	-0.200	-0.100
89		8		9		|	-0.200	-0.200	-0.200	-0.100
90		9		0		|	-0.786	-0.700	-0.790	-0.733
91		9		1		|	-0.747	-0.700	-0.701	-0.729
92		9		2		|	-0.661	-0.600	-0.603	-0.598
93		9		3		|	-0.472	-0.490	-0.509	-0.502
94		9		4		|	-0.381	-0.300	-0.300	-0.393
95		9		5		|	-0.299	-0.300	-0.300	-0.299
96		9		6		|	-0.200	-0.200	-0.291	-0.200
97		9		7		|	-0.200	-0.200	-0.200	-0.200
98		9		8		|	-0.200	-0.200	-0.200	-0.200
99		9		9		|	-0.200	-0.200	-0.200	-0.200

*************** Q table for run 4 ***************
State#	Xcoord	Ycoord	|	North	East	South	West
0		0		0		|	-2.385	-2.421	-2.299	-2.382
1		0		1		|	-2.461	-2.380	-2.379	-2.400
2		0		2		|	-2.335	-1.744	-2.351	-2.397
3		0		3		|	-2.049	-2.169	-2.102	-1.987
4		0		4		|	-1.741	-1.731	-1.846	-1.800
5		0		5		|	-1.363	-1.350	-1.506	-1.300
6		0		6		|	-1.121	-1.047	-1.141	-1.100
7		0		7		|	-0.893	-0.969	-0.993	-0.881
8		0		8		|	-0.845	-0.767	-0.874	-0.800
9		0		9		|	-0.800	-0.766	-0.830	-0.800
10		1		0		|	-2.369	-2.422	-2.385	-2.392
11		1		1		|	-2.151	-2.462	-2.406	-2.460
12		1		2		|	-2.513	1.719	-2.401	-2.565
13		1		3		|	-2.052	-2.040	-1.453	-2.122
14		1		4		|	-1.563	-1.225	-1.662	-1.713
15		1		5		|	-1.196	-1.205	-1.309	-1.203
16		1		6		|	-1.040	-0.902	-0.920	-0.907
17		1		7		|	-0.840	-0.895	-0.892	-0.835
18		1		8		|	-0.756	-0.667	-0.760	-0.719
19		1		9		|	-0.671	-0.671	-0.634	-0.734
20		2		0		|	-1.784	-2.403	-2.400	-2.348
21		2		1		|	1.648	-2.409	-2.754	-2.679
22		2		2		|	1.284	3.000	-0.185	-0.214
23		2		3		|	-1.567	3.879	-1.632	-2.053
24		2		4		|	-1.354	4.011	-1.521	-1.462
25		2		5		|	-0.951	-0.496	-0.930	-0.940
26		2		6		|	-0.649	-0.475	-0.678	-0.639
27		2		7		|	-0.658	-0.628	-0.623	-0.650
28		2		8		|	-0.567	-0.566	-0.529	-0.638
29		2		9		|	-0.600	-0.663	-0.509	-0.522
30		3		0		|	-2.073	-2.114	-2.096	-2.132
31		3		1		|	2.626	-2.078	-2.115	-1.619
32		3		2		|	4.000	0.643	0.820	1.491
33		3		3		|	5.000	4.492	2.177	1.900
34		3		4		|	4.454	6.000	3.918	1.181
35		3		5		|	-0.535	6.610	0.001	-0.778
36		3		6		|	-0.282	1.474	-0.424	-0.292
37		3		7		|	-0.409	-0.373	-0.347	-0.442
38		3		8		|	-0.501	-0.481	-0.490	-0.434
39		3		9		|	-0.580	-0.572	-0.492	-0.518
40		4		0		|	-1.760	-1.733	-1.700	-1.766
41		4		1		|	-1.586	-1.625	-1.610	-1.687
42		4		2		|	3.786	-1.309	-1.315	-1.357
43		4		3		|	5.990	-0.613	-0.671	-0.430
44		4		4		|	5.890	7.000	3.578	4.439
45		4		5		|	2.308	7.996	1.925	0.693
46		4		6		|	-0.219	8.920	-0.100	-0.110
47		4		7		|	-0.403	-0.200	1.835	-0.219
48		4		8		|	-0.401	-0.382	-0.326	-0.427
49		4		9		|	-0.400	-0.478	-0.399	-0.419
50		5		0		|	-1.490	-1.440	-1.499	-1.411
51		5		1		|	-1.236	-1.300	-1.328	-1.293
52		5		2		|	-0.433	-0.904	-0.938	-0.904
53		5		3		|	6.734	-0.565	-0.646	-0.552
54		5		4		|	8.000	5.477	4.826	5.153
55		5		5		|	9.000	7.160	6.024	6.308
56		5		6		|	5.276	10.000	7.368	7.314
57		5		7		|	-0.308	0.139	8.067	-0.074
58		5		8		|	-0.300	-0.269	-0.281	-0.310
59		5		9		|	-0.300	-0.299	-0.374	-0.310
60		6		0		|	-1.143	-1.147	-1.200	-1.253
61		6		1		|	-1.070	-1.092	-1.029	-1.015
62		6		2		|	-0.770	-0.765	-0.862	-0.779
63		6		3		|	0.646	-0.397	-0.442	-0.423
64		6		4		|	8.390	-0.100	-0.222	-0.100
65		6		5		|	9.966	0.015	1.289	-0.053
66		6		6		|	0.000	0.000	0.000	0.000
67		6		7		|	-0.200	-0.100	4.686	0.000
68		6		8		|	-0.200	-0.200	0.405	-0.100
69		6		9		|	-0.200	-0.290	-0.190	-0.200
70		7		0		|	-1.032	-0.948	-0.981	-1.000
71		7		1		|	-0.909	-0.943	-0.924	-0.865
72		7		2		|	-0.707	-0.680	-0.637	-0.750
73		7		3		|	-0.452	-0.399	-0.427	-0.485
74		7		4		|	-0.212	-0.200	-0.210	-0.214
75		7		5		|	-0.100	-0.100	-0.100	1.809
76		7		6		|	-0.100	-0.100	-0.100	0.000
77		7		7		|	-0.200	-0.100	-0.100	-0.100
78		7		8		|	-0.200	-0.200	-0.190	-0.279
79		7		9		|	-0.200	-0.200	-0.290	-0.200
80		8		0		|	-0.873	-0.797	-0.791	-0.865
81		8		1		|	-0.820	-0.784	-0.821	-0.850
82		8		2		|	-0.645	-0.597	-0.634	-0.629
83		8		3		|	-0.461	-0.490	-0.411	-0.401
84		8		4		|	-0.371	-0.310	-0.310	-0.290
85		8		5		|	-0.200	-0.200	-0.210	-0.190
86		8		6		|	-0.200	-0.200	-0.100	-0.100
87		8		7		|	-0.110	-0.299	-0.200	-0.200
88		8		8		|	-0.200	-0.110	-0.200	-0.200
89		8		9		|	-0.200	-0.200	-0.190	-0.200
90		9		0		|	-0.774	-0.700	-0.700	-0.715
91		9		1		|	-0.658	-0.700	-0.691	-0.819
92		9		2		|	-0.564	-0.600	-0.626	-0.527
93		9		3		|	-0.471	-0.400	-0.430	-0.400
94		9		4		|	-0.390	-0.400	-0.310	-0.399
95		9		5		|	-0.300	-0.300	-0.310	-0.200
96		9		6		|	-0.290	-0.200	-0.200	-0.200
97		9		7		|	-0.290	-0.200	-0.190	-0.290
98		9		8		|	-0.200	-0.200	-0.200	-0.200
99		9		9		|	-0.290	-0.200	-0.190	-0.200

*************** Q table for run 5 ***************
State#	Xcoord	Ycoord	|	North	East	South	West
0		0		0		|	-2.414	-2.378	-2.383	-2.400
1		0		1		|	-2.377	-2.461	-2.369	-2.398
2		0		2		|	-2.317	-2.415	-2.358	-2.300
3		0		3		|	-2.042	-2.038	-2.133	-2.085
4		0		4		|	-1.713	-1.765	-1.697	-1.700
5		0		5		|	-1.406	-1.438	-1.395	-1.391
6		0		6		|	-1.124	-1.131	-1.120	-1.100
7		0		7		|	-0.846	-0.856	-0.892	-0.800
8		0		8		|	-0.748	-0.763	-0.718	-0.700
9		0		9		|	-0.698	-0.671	-0.726	-0.700
10		1		0		|	-2.391	-2.314	-2.388	-2.393
11		1		1		|	-2.457	-2.162	-2.389	-2.435
12		1		2		|	-2.595	1.325	-2.590	-2.539
13		1		3		|	-2.115	-2.096	-2.099	-2.124
14		1		4		|	-1.689	-1.717	-1.660	-1.692
15		1		5		|	-1.265	-1.295	-1.288	-1.342
16		1		6		|	-0.896	-0.730	-1.030	-1.021
17		1		7		|	-0.741	-0.741	-0.763	-0.723
18		1		8		|	-0.689	-0.677	-0.638	-0.668
19		1		9		|	-0.600	-0.661	-0.618	-0.622
20		2		0		|	-2.255	-2.341	-2.292	-2.337
21		2		1		|	1.734	-2.523	-2.508	-2.502
22		2		2		|	0.672	3.000	-0.238	-0.818
23		2		3		|	-2.097	3.200	-1.915	-2.094
24		2		4		|	-1.450	-1.248	-1.489	-1.473
25		2		5		|	-0.895	-0.380	-0.925	-0.949
26		2		6		|	-0.573	1.167	-0.624	-0.749
27		2		7		|	-0.598	-0.546	-0.596	-0.546
28		2		8		|	-0.582	-0.571	-0.596	-0.522
29		2		9		|	-0.490	-0.572	-0.575	-0.527
30		3		0		|	-1.737	-2.069	-2.100	-2.106
31		3		1		|	2.685	-1.723	-2.092	-1.585
32		3		2		|	2.892	4.000	0.946	1.393
33		3		3		|	-1.172	4.950	-1.083	-1.262
34		3		4		|	-0.887	1.915	-1.043	-0.994
35		3		5		|	2.332	-0.487	-0.544	-0.552
36		3		6		|	-0.200	6.193	-0.200	-0.525
37		3		7		|	-0.382	-0.299	-0.137	-0.329
38		3		8		|	-0.400	-0.473	-0.399	-0.420
39		3		9		|	-0.500	-0.481	-0.501	-0.412
40		4		0		|	-1.783	-1.791	-1.800	-1.859
41		4		1		|	3.634	-1.670	-1.801	-1.486
42		4		2		|	4.430	5.000	1.684	2.424
43		4		3		|	0.145	6.000	-0.169	0.570
44		4		4		|	-0.508	6.594	-0.023	-0.590
45		4		5		|	-0.151	6.617	0.309	-0.226
46		4		6		|	-0.200	8.806	0.000	0.403
47		4		7		|	-0.402	0.772	-0.206	-0.200
48		4		8		|	-0.390	-0.371	-0.390	-0.327
49		4		9		|	-0.400	-0.389	-0.390	-0.419
50		5		0		|	-0.889	-1.423	-1.496	-1.527
51		5		1		|	4.688	-1.218	-1.526	-1.303
52		5		2		|	6.000	2.125	2.803	3.470
53		5		3		|	7.000	4.877	4.598	4.328
54		5		4		|	8.000	7.003	5.495	3.635
55		5		5		|	9.000	8.462	5.503	3.456
56		5		6		|	3.203	10.000	6.565	4.961
57		5		7		|	-0.200	6.542	-0.100	-0.409
58		5		8		|	-0.200	-0.289	-0.281	-0.220
59		5		9		|	-0.200	-0.200	-0.281	-0.310
60		6		0		|	-1.147	-1.198	-1.084	-1.129
61		6		1		|	-0.998	-1.083	-1.023	-1.027
62		6		2		|	5.255	-0.761	-0.854	-0.777
63		6		3		|	7.787	-0.499	-0.554	0.791
64		6		4		|	8.991	-0.150	-0.100	1.249
65		6		5		|	10.000	-0.035	1.408	1.070
66		6		6		|	0.000	0.000	0.000	0.000
67		6		7		|	-0.100	-0.100	9.354	0.000
68		6		8		|	-0.200	-0.200	0.009	-0.100
69		6		9		|	-0.200	-0.200	-0.190	-0.200
70		7		0		|	-0.984	-1.008	-0.997	-1.022
71		7		1		|	-0.913	-0.955	-0.921	-0.875
72		7		2		|	-0.719	-0.781	-0.726	-0.693
73		7		3		|	-0.530	-0.500	-0.542	-0.473
74		7		4		|	-0.271	-0.309	-0.320	2.168
75		7		5		|	-0.100	-0.100	-0.110	1.477
76		7		6		|	-0.100	-0.189	0.000	2.710
77		7		7		|	-0.200	-0.100	-0.100	-0.100
78		7		8		|	-0.200	-0.110	-0.200	-0.200
79		7		9		|	-0.190	-0.200	-0.200	-0.200
80		8		0		|	-0.883	-0.799	-0.790	-0.864
81		8		1		|	-0.850	-0.770	-0.800	-0.850
82		8		2		|	-0.725	-0.704	-0.714	-0.732
83		8		3		|	-0.563	-0.490	-0.530	-0.507
84		8		4		|	-0.382	-0.408	-0.310	-0.389
85		8		5		|	-0.290	-0.218	-0.200	-0.240
86		8		6		|	-0.200	-0.200	-0.200	0.098
87		8		7		|	-0.200	-0.100	-0.200	-0.100
88		8		8		|	-0.200	-0.110	-0.200	-0.100
89		8		9		|	-0.200	-0.200	-0.190	-0.200
90		9		0		|	-0.770	-0.681	-0.700	-0.716
91		9		1		|	-0.731	-0.700	-0.683	-0.718
92		9		2		|	-0.664	-0.600	-0.592	-0.693
93		9		3		|	-0.570	-0.490	-0.509	-0.511
94		9		4		|	-0.472	-0.400	-0.400	-0.390
95		9		5		|	-0.388	-0.390	-0.300	-0.299
96		9		6		|	-0.200	-0.200	-0.291	-0.280
97		9		7		|	-0.200	-0.200	-0.200	-0.100
98		9		8		|	-0.200	-0.200	-0.200	-0.100
99		9		9		|	-0.200	-0.200	-0.190	-0.200

*************** Q table for run 6 ***************
State#	Xcoord	Ycoord	|	North	East	South	West
0		0		0		|	-2.335	-2.400	-2.400	-2.375
1		0		1		|	-2.406	-2.415	-2.377	-2.366
2		0		2		|	-2.311	-2.392	-2.317	-2.287
3		0		3		|	-2.115	-2.067	-2.081	-2.095
4		0		4		|	-1.797	-1.768	-1.829	-1.893
5		0		5		|	-1.446	-1.533	-1.492	-1.497
6		0		6		|	-1.147	-1.150	-1.245	-1.200
7		0		7		|	-0.908	-0.963	-0.985	-0.894
8		0		8		|	-0.847	-0.879	-0.856	-0.800
9		0		9		|	-0.800	-0.851	-0.834	-0.800
10		1		0		|	-2.458	-2.360	-2.394	-2.353
11		1		1		|	-2.268	-2.467	-2.472	-2.511
12		1		2		|	-2.538	1.173	-2.678	-2.496
13		1		3		|	-2.076	-2.078	-2.138	-2.135
14		1		4		|	-1.701	-1.672	-1.658	-1.724
15		1		5		|	-1.352	-1.315	-1.409	-1.325
16		1		6		|	-1.000	-1.004	-1.249	-1.017
17		1		7		|	-0.855	-0.837	-0.877	-0.906
18		1		8		|	-0.794	-0.757	-0.750	-0.802
19		1		9		|	-0.681	-0.753	-0.714	-0.815
20		2		0		|	-2.284	-2.341	-2.292	-2.277
21		2		1		|	-2.040	1.165	-2.422	-2.479
22		2		2		|	1.647	3.000	-1.130	-1.128
23		2		3		|	-2.071	3.964	-1.732	-2.031
24		2		4		|	-1.406	-0.073	-1.055	-1.440
25		2		5		|	-0.909	0.658	-0.950	-1.086
26		2		6		|	-0.830	-0.750	-0.782	-0.747
27		2		7		|	-0.662	-0.720	-0.741	-0.736
28		2		8		|	-0.667	-0.639	-0.723	-0.626
29		2		9		|	-0.600	-0.654	-0.702	-0.625
30		3		0		|	-1.750	-2.124	-2.100	-2.121
31		3		1		|	2.932	-2.106	-2.210	-2.092
32		3		2		|	4.000	3.278	0.883	1.428
33		3		3		|	4.004	5.000	2.548	2.482
34		3		4		|	-0.962	5.971	-0.174	-1.051
35		3		5		|	-0.552	6.624	0.318	-0.674
36		3		6		|	-0.376	0.064	-0.430	-0.426
37		3		7		|	-0.484	-0.438	-0.485	-0.453
38		3		8		|	-0.500	-0.465	-0.481	-0.553
39		3		9		|	-0.500	-0.480	-0.508	-0.544
40		4		0		|	-1.755	-1.772	-1.800	-1.849
41		4		1		|	-0.144	-1.663	-1.699	-1.750
42		4		2		|	4.969	-1.429	-1.532	-1.049
43		4		3		|	6.000	3.345	3.035	3.612
44		4		4		|	7.000	6.552	4.122	4.201
45		4		5		|	6.287	8.000	5.736	4.593
46		4		6		|	-0.263	8.579	-0.110	-0.233
47		4		7		|	-0.302	-0.155	0.940	-0.238
48		4		8		|	-0.300	-0.378	-0.375	-0.326
49		4		9		|	-0.390	-0.389	-0.399	-0.319
50		5		0		|	-1.428	-1.417	-1.400	-1.510
51		5		1		|	-1.266	-1.276	-1.324	-1.416
52		5		2		|	-0.814	-0.939	-0.947	-1.057
53		5		3		|	6.212	-0.536	-0.664	-0.563
54		5		4		|	7.996	2.397	0.248	0.390
55		5		5		|	8.380	9.000	5.753	6.438
56		5		6		|	0.251	9.988	0.800	1.068
57		5		7		|	-0.205	2.724	0.000	0.000
58		5		8		|	-0.200	-0.190	-0.128	-0.219
59		5		9		|	-0.300	-0.291	-0.281	-0.311
60		6		0		|	-1.143	-1.130	-1.194	-1.140
61		6		1		|	-0.938	-0.972	-0.934	-1.052
62		6		2		|	-0.218	-0.653	-0.621	-0.669
63		6		3		|	2.134	-0.300	-0.328	-0.295
64		6		4		|	8.879	-0.100	-0.100	0.731
65		6		5		|	10.000	5.139	7.006	7.471
66		6		6		|	0.000	0.000	0.000	0.000
67		6		7		|	-0.100	-0.100	7.176	0.000
68		6		8		|	-0.210	-0.110	-0.171	-0.110
69		6		9		|	-0.290	-0.218	-0.281	-0.300
70		7		0		|	-0.936	-0.917	-0.900	-1.002
71		7		1		|	-0.821	-0.748	-0.816	-0.776
72		7		2		|	-0.630	-0.589	-0.625	-0.642
73		7		3		|	-0.371	-0.400	-0.435	-0.339
74		7		4		|	-0.190	-0.200	-0.210	1.758
75		7		5		|	-0.100	-0.100	-0.116	8.083
76		7		6		|	-0.100	-0.100	-0.100	0.000
77		7		7		|	-0.100	-0.100	-0.100	-0.100
78		7		8		|	-0.200	-0.100	-0.100	-0.100
79		7		9		|	-0.200	-0.209	-0.190	-0.299
80		8		0		|	-0.768	-0.755	-0.800	-0.864
81		8		1		|	-0.666	-0.681	-0.716	-0.656
82		8		2		|	-0.570	-0.598	-0.518	-0.525
83		8		3		|	-0.454	-0.400	-0.410	-0.401
84		8		4		|	-0.290	-0.300	-0.300	-0.274
85		8		5		|	-0.200	-0.200	-0.210	-0.114
86		8		6		|	-0.200	-0.210	-0.100	-0.100
87		8		7		|	-0.200	-0.210	-0.100	-0.100
88		8		8		|	-0.290	-0.210	-0.100	-0.100
89		8		9		|	-0.200	-0.309	-0.200	-0.281
90		9		0		|	-0.695	-0.700	-0.700	-0.716
91		9		1		|	-0.665	-0.600	-0.694	-0.638
92		9		2		|	-0.571	-0.590	-0.618	-0.519
93		9		3		|	-0.474	-0.400	-0.409	-0.400
94		9		4		|	-0.390	-0.300	-0.309	-0.309
95		9		5		|	-0.290	-0.300	-0.300	-0.290
96		9		6		|	-0.290	-0.300	-0.300	-0.200
97		9		7		|	-0.290	-0.300	-0.300	-0.200
98		9		8		|	-0.290	-0.300	-0.300	-0.200
99		9		9		|	-0.290	-0.300	-0.290	-0.290

*************** Q table for run 7 ***************
State#	Xcoord	Ycoord	|	North	East	South	West
0		0		0		|	-2.387	-2.400	-2.364	-2.396
1		0		1		|	-2.341	-2.368	-2.416	-2.400
2		0		2		|	-2.331	-2.302	-2.323	-2.298
3		0		3		|	-2.068	-2.163	-2.086	-2.090
4		0		4		|	-1.800	-1.787	-1.834	-1.780
5		0		5		|	-1.524	-1.526	-1.514	-1.480
6		0		6		|	-1.283	-1.254	-1.257	-1.288
7		0		7		|	-1.052	-1.078	-1.106	-1.000
8		0		8		|	-0.955	-0.942	-0.981	-0.900
9		0		9		|	-0.873	-0.855	-0.930	-0.900
10		1		0		|	-2.313	-2.384	-2.299	-2.388
11		1		1		|	-2.400	-2.450	-2.382	-2.409
12		1		2		|	-2.437	1.545	-2.543	-2.508
13		1		3		|	-2.068	-2.140	-2.102	-2.131
14		1		4		|	-1.640	-1.691	-1.769	-1.811
15		1		5		|	-1.368	-1.325	-1.402	-1.418
16		1		6		|	-1.139	-1.170	-1.139	-1.136
17		1		7		|	-0.994	-0.925	-0.992	-0.926
18		1		8		|	-0.873	-0.851	-0.830	-0.837
19		1		9		|	-0.800	-0.751	-0.824	-0.787
20		2		0		|	-2.299	-2.290	-2.258	-2.259
21		2		1		|	1.702	-1.823	-2.419	-2.431
22		2		2		|	2.001	3.000	-0.021	-0.474
23		2		3		|	-2.080	3.935	-1.902	-2.035
24		2		4		|	-1.506	-1.024	-1.632	-1.559
25		2		5		|	-1.114	-1.162	-1.167	-1.168
26		2		6		|	-0.823	-0.795	-0.893	-0.974
27		2		7		|	-0.770	-0.708	-0.736	-0.770
28		2		8		|	-0.663	-0.716	-0.728	-0.653
29		2		9		|	-0.590	-0.632	-0.686	-0.636
30		3		0		|	-2.042	-2.075	-2.100	-2.047
31		3		1		|	2.673	-2.007	-2.094	-2.136
32		3		2		|	4.000	3.171	0.761	1.723
33		3		3		|	1.833	5.000	2.500	1.901
34		3		4		|	-1.089	4.675	-1.208	-1.158
35		3		5		|	-0.665	-0.713	-0.820	-0.780
36		3		6		|	-0.478	0.823	-0.441	-0.454
37		3		7		|	-0.488	-0.452	-0.486	-0.445
38		3		8		|	-0.514	-0.463	-0.419	-0.510
39		3		9		|	-0.489	-0.546	-0.490	-0.550
40		4		0		|	-1.666	-1.682	-1.700	-1.790
41		4		1		|	0.171	-1.570	-1.620	-1.635
42		4		2		|	4.956	-0.220	-1.570	-1.391
43		4		3		|	4.870	6.000	2.945	3.525
44		4		4		|	-0.525	6.934	-0.663	-0.565
45		4		5		|	-0.280	0.823	-0.327	-0.339
46		4		6		|	-0.190	4.384	-0.100	-0.110
47		4		7		|	-0.200	-0.181	0.159	-0.229
48		4		8		|	-0.302	-0.290	-0.292	-0.200
49		4		9		|	-0.487	-0.373	-0.290	-0.436
50		5		0		|	-1.266	-1.339	-1.300	-1.292
51		5		1		|	-0.586	-1.148	-1.132	-1.167
52		5		2		|	5.590	-0.810	-0.965	-0.816
53		5		3		|	6.180	7.000	3.235	4.610
54		5		4		|	2.107	8.000	1.845	0.729
55		5		5		|	1.931	8.784	0.000	-0.052
56		5		6		|	-0.100	8.784	0.000	0.000
57		5		7		|	-0.100	0.471	0.000	0.000
58		5		8		|	-0.200	-0.190	-0.165	-0.210
59		5		9		|	-0.200	-0.200	-0.281	-0.219
60		6		0		|	-1.012	-1.069	-1.097	-1.002
61		6		1		|	0.427	-0.749	-0.810	-0.791
62		6		2		|	6.597	-0.621	-0.668	-0.453
63		6		3		|	8.000	4.372	4.501	5.144
64		6		4		|	9.000	4.935	6.493	6.664
65		6		5		|	10.000	5.574	7.362	6.938
66		6		6		|	0.000	0.000	0.000	0.000
67		6		7		|	-0.100	-0.100	4.095	0.000
68		6		8		|	-0.100	-0.100	-0.190	-0.110
69		6		9		|	-0.200	-0.200	-0.100	-0.100
70		7		0		|	-0.847	-0.776	-0.800	-0.869
71		7		1		|	-0.724	-0.680	-0.718	-0.658
72		7		2		|	0.842	-0.499	-0.547	-0.462
73		7		3		|	-0.320	-0.458	-0.275	6.620
74		7		4		|	-0.100	-0.100	-0.100	7.466
75		7		5		|	-0.100	-0.209	0.421	8.311
76		7		6		|	-0.100	-0.100	-0.100	0.000
77		7		7		|	-0.100	-0.100	-0.100	-0.100
78		7		8		|	-0.100	-0.100	-0.100	-0.100
79		7		9		|	-0.200	-0.200	-0.100	-0.100
80		8		0		|	-0.669	-0.671	-0.598	-0.618
81		8		1		|	-0.655	-0.611	-0.599	-0.616
82		8		2		|	-0.472	-0.488	-0.520	-0.517
83		8		3		|	-0.372	-0.400	-0.311	0.466
84		8		4		|	-0.290	-0.219	-0.210	-0.187
85		8		5		|	-0.200	-0.200	-0.201	0.432
86		8		6		|	-0.200	-0.200	-0.200	-0.100
87		8		7		|	-0.200	-0.200	-0.200	-0.100
88		8		8		|	-0.200	-0.200	-0.200	-0.100
89		8		9		|	-0.200	-0.200	-0.200	-0.100
90		9		0		|	-0.682	-0.600	-0.690	-0.594
91		9		1		|	-0.571	-0.600	-0.599	-0.623
92		9		2		|	-0.480	-0.400	-0.493	-0.494
93		9		3		|	-0.381	-0.390	-0.409	-0.400
94		9		4		|	-0.299	-0.300	-0.309	-0.298
95		9		5		|	-0.200	-0.200	-0.291	-0.190
96		9		6		|	-0.190	-0.200	-0.200	-0.200
97		9		7		|	-0.200	-0.200	-0.190	-0.200
98		9		8		|	-0.200	-0.200	-0.200	-0.200
99		9		9		|	-0.290	-0.200	-0.200	-0.100

*************** Q table for run 8 ***************
State#	Xcoord	Ycoord	|	North	East	South	West
0		0		0		|	-2.368	-2.406	-2.381	-2.389
1		0		1		|	-2.313	-2.370	-2.372	-2.287
2		0		2		|	-2.299	-2.294	-2.239	-2.273
3		0		3		|	-1.979	-2.038	-2.117	-2.000
4		0		4		|	-1.714	-1.661	-1.706	-1.700
5		0		5		|	-1.363	-1.331	-1.495	-1.300
6		0		6		|	-1.140	-1.059	-1.134	-1.100
7		0		7		|	-0.904	-0.975	-0.974	-0.898
8		0		8		|	-0.748	-0.775	-0.850	-0.800
9		0		9		|	-0.690	-0.697	-0.731	-0.700
10		1		0		|	-2.366	-2.422	-2.400	-2.380
11		1		1		|	-2.382	-2.413	-2.421	-2.422
12		1		2		|	-2.407	1.608	-2.459	-2.424
13		1		3		|	-2.096	-1.991	-2.107	-2.043
14		1		4		|	-1.601	-1.568	-1.681	-1.599
15		1		5		|	-1.134	-0.791	-1.151	-1.202
16		1		6		|	-0.969	-0.922	-1.012	-0.915
17		1		7		|	-0.835	-0.845	-0.876	-0.826
18		1		8		|	-0.757	-0.659	-0.741	-0.719
19		1		9		|	-0.600	-0.680	-0.609	-0.618
20		2		0		|	-2.279	-2.330	-2.290	-2.327
21		2		1		|	-1.940	1.317	-2.432	-2.474
22		2		2		|	1.981	3.000	-0.865	-0.344
23		2		3		|	-1.569	3.922	-2.091	-2.098
24		2		4		|	-1.312	4.638	-1.238	-1.353
25		2		5		|	-0.960	4.887	-0.513	-0.827
26		2		6		|	-0.744	-0.684	-0.736	-0.732
27		2		7		|	-0.686	-0.644	-0.740	-0.656
28		2		8		|	-0.582	-0.569	-0.612	-0.644
29		2		9		|	-0.600	-0.572	-0.600	-0.508
30		3		0		|	-1.673	-2.000	-1.993	-2.098
31		3		1		|	2.971	-2.098	-2.177	-1.798
32		3		2		|	4.000	1.529	1.380	1.498
33		3		3		|	5.000	3.837	2.564	1.604
34		3		4		|	6.000	4.811	3.460	2.512
35		3		5		|	4.113	7.000	4.644	2.089
36		3		6		|	-0.569	7.090	-0.525	-0.326
37		3		7		|	-0.498	-0.441	0.068	-0.452
38		3		8		|	-0.401	-0.477	-0.484	-0.422
39		3		9		|	-0.400	-0.479	-0.400	-0.419
40		4		0		|	-1.667	-1.660	-1.700	-1.755
41		4		1		|	-1.412	-1.617	-1.591	-1.653
42		4		2		|	4.008	-1.374	-1.437	-0.643
43		4		3		|	5.942	-0.368	-0.871	-0.911
44		4		4		|	7.000	0.521	0.098	1.265
45		4		5		|	7.349	8.000	5.699	5.329
46		4		6		|	-0.190	8.997	0.610	-0.163
47		4		7		|	-0.290	0.627	-0.157	-0.229
48		4		8		|	-0.300	-0.372	-0.282	-0.311
49		4		9		|	-0.390	-0.381	-0.300	-0.310
50		5		0		|	-1.433	-1.361	-1.400	-1.386
51		5		1		|	-1.248	-1.340	-1.227	-1.311
52		5		2		|	-0.552	-0.893	-0.969	-0.925
53		5		3		|	3.064	-0.550	-0.537	-0.574
54		5		4		|	7.761	-0.200	-0.076	0.406
55		5		5		|	9.000	8.115	5.515	6.298
56		5		6		|	6.842	10.000	7.607	7.116
57		5		7		|	-0.208	-0.100	8.753	-0.112
58		5		8		|	-0.200	-0.200	0.340	-0.210
59		5		9		|	-0.300	-0.300	-0.290	-0.200
60		6		0		|	-1.154	-1.140	-1.199	-1.250
61		6		1		|	-0.985	-1.056	-1.139	-1.038
62		6		2		|	-0.760	-0.743	-0.735	-0.792
63		6		3		|	-0.004	-0.399	-0.443	-0.419
64		6		4		|	2.962	-0.209	-0.100	-0.100
65		6		5		|	9.867	0.000	0.000	0.791
66		6		6		|	0.000	0.000	0.000	0.000
67		6		7		|	-0.100	-0.100	1.900	0.000
68		6		8		|	-0.200	-0.100	-0.090	-0.100
69		6		9		|	-0.300	-0.300	-0.200	-0.210
70		7		0		|	-0.967	-0.918	-0.900	-1.001
71		7		1		|	-0.908	-0.850	-0.840	-0.885
72		7		2		|	-0.706	-0.686	-0.717	-0.652
73		7		3		|	-0.519	-0.499	-0.419	-0.403
74		7		4		|	-0.234	-0.200	-0.218	-0.002
75		7		5		|	-0.100	-0.100	-0.100	0.844
76		7		6		|	-0.100	-0.100	-0.100	0.000
77		7		7		|	-0.100	-0.100	-0.100	-0.100
78		7		8		|	-0.200	-0.100	-0.100	-0.100
79		7		9		|	-0.300	-0.300	-0.200	-0.200
80		8		0		|	-0.759	-0.782	-0.800	-0.862
81		8		1		|	-0.751	-0.702	-0.731	-0.753
82		8		2		|	-0.639	-0.597	-0.615	-0.636
83		8		3		|	-0.464	-0.501	-0.428	-0.501
84		8		4		|	-0.290	-0.408	-0.210	-0.300
85		8		5		|	-0.200	-0.210	-0.100	-0.190
86		8		6		|	-0.200	-0.200	-0.100	-0.100
87		8		7		|	-0.200	-0.209	-0.200	-0.100
88		8		8		|	-0.200	-0.200	-0.200	-0.200
89		8		9		|	-0.300	-0.300	-0.300	-0.200
90		9		0		|	-0.768	-0.700	-0.690	-0.706
91		9		1		|	-0.670	-0.698	-0.670	-0.708
92		9		2		|	-0.578	-0.590	-0.602	-0.586
93		9		3		|	-0.472	-0.500	-0.516	-0.500
94		9		4		|	-0.381	-0.390	-0.410	-0.381
95		9		5		|	-0.290	-0.300	-0.309	-0.200
96		9		6		|	-0.381	-0.200	-0.200	-0.200
97		9		7		|	-0.300	-0.290	-0.290	-0.200
98		9		8		|	-0.300	-0.200	-0.200	-0.290
99		9		9		|	-0.300	-0.300	-0.290	-0.300

*************** Q table for run 9 ***************
State#	Xcoord	Ycoord	|	North	East	South	West
0		0		0		|	-2.349	-2.392	-2.390	-2.387
1		0		1		|	-2.334	-2.404	-2.361	-2.299
2		0		2		|	-2.224	-2.317	-2.310	-2.288
3		0		3		|	-1.979	-1.962	-2.085	-2.000
4		0		4		|	-1.649	-1.697	-1.608	-1.691
5		0		5		|	-1.294	-1.342	-1.375	-1.297
6		0		6		|	-1.059	-1.058	-1.010	-0.997
7		0		7		|	-0.914	-0.954	-0.879	-0.897
8		0		8		|	-0.653	-0.689	-0.857	-0.700
9		0		9		|	-0.681	-0.695	-0.618	-0.600
10		1		0		|	-2.471	-2.403	-2.481	-2.380
11		1		1		|	-2.201	-2.413	-2.444	-2.395
12		1		2		|	-2.435	1.600	-2.448	-2.409
13		1		3		|	-2.034	-2.082	-2.089	-2.109
14		1		4		|	-1.611	-0.032	-1.663	-1.577
15		1		5		|	-1.210	-1.208	-1.298	-1.229
16		1		6		|	-0.908	-0.820	-0.903	-0.918
17		1		7		|	-0.752	-0.816	-0.859	-0.828
18		1		8		|	-0.667	-0.582	-0.743	-0.600
19		1		9		|	-0.590	-0.663	-0.600	-0.608
20		2		0		|	-2.068	-2.478	-2.378	-2.433
21		2		1		|	1.710	-2.495	-2.744	-2.493
22		2		2		|	1.609	3.000	0.026	-0.410
23		2		3		|	3.865	-1.393	-1.635	-2.179
24		2		4		|	-1.451	4.996	-1.292	-1.657
25		2		5		|	-0.911	-0.955	-0.338	-0.937
26		2		6		|	-0.566	1.474	-0.565	-0.625
27		2		7		|	-0.576	-0.561	-0.552	-0.649
28		2		8		|	-0.501	-0.563	-0.501	-0.541
29		2		9		|	-0.500	-0.572	-0.500	-0.517
30		3		0		|	-2.157	-2.159	-2.190	-2.121
31		3		1		|	2.666	-2.073	-2.082	-2.138
32		3		2		|	4.000	1.645	0.693	1.904
33		3		3		|	5.000	4.074	2.493	1.611
34		3		4		|	3.317	6.000	3.700	3.373
35		3		5		|	5.851	-0.565	-0.540	-0.619
36		3		6		|	-0.397	7.685	0.018	-0.275
37		3		7		|	-0.393	-0.381	0.258	-0.448
38		3		8		|	-0.401	-0.473	-0.477	-0.430
39		3		9		|	-0.500	-0.569	-0.400	-0.419
40		4		0		|	-1.845	-1.769	-1.800	-1.779
41		4		1		|	-1.703	-1.749	-1.672	-1.329
42		4		2		|	4.218	-1.413	-1.551	-1.492
43		4		3		|	5.996	-0.335	-0.873	-0.533
44		4		4		|	6.167	7.000	4.404	4.785
45		4		5		|	0.566	7.926	1.379	0.078
46		4		6		|	-0.190	8.990	0.959	0.163
47		4		7		|	-0.399	0.165	1.706	-0.210
48		4		8		|	-0.390	-0.382	-0.390	-0.425
49		4		9		|	-0.381	-0.471	-0.390	-0.419
50		5		0		|	-1.535	-1.465	-1.500	-1.458
51		5		1		|	-1.256	-1.316	-1.414	-1.382
52		5		2		|	0.854	-0.983	-1.034	-1.018
53		5		3		|	6.510	-0.527	-0.663	-0.128
54		5		4		|	8.000	6.353	3.984	5.807
55		5		5		|	9.000	8.173	6.705	4.991
56		5		6		|	5.435	10.000	7.245	6.985
57		5		7		|	-0.200	7.963	-0.100	-0.089
58		5		8		|	-0.300	-0.209	-0.271	-0.312
59		5		9		|	-0.390	-0.290	-0.381	-0.320
60		6		0		|	-1.229	-1.240	-1.200	-1.234
61		6		1		|	-1.060	-1.094	-1.134	-1.100
62		6		2		|	-0.601	-0.751	-0.858	-0.775
63		6		3		|	1.898	-0.391	-0.409	-0.319
64		6		4		|	8.660	-0.223	-0.210	0.550
65		6		5		|	9.990	-0.048	1.638	-0.174
66		6		6		|	0.000	0.000	0.000	0.000
67		6		7		|	-0.100	-0.100	9.775	0.509
68		6		8		|	-0.200	-0.100	-0.090	-0.100
69		6		9		|	-0.190	-0.200	-0.190	-0.211
70		7		0		|	-1.050	-1.100	-1.095	-1.091
71		7		1		|	-0.918	-0.868	-1.036	-0.973
72		7		2		|	-0.707	-0.682	-0.757	-0.752
73		7		3		|	-0.432	-0.501	-0.446	-0.402
74		7		4		|	-0.190	-0.302	-0.329	1.698
75		7		5		|	-0.100	-0.100	-0.100	1.312
76		7		6		|	-0.100	-0.100	-0.100	1.000
77		7		7		|	-0.200	-0.201	-0.100	-0.100
78		7		8		|	-0.200	-0.200	-0.200	-0.100
79		7		9		|	-0.200	-0.290	-0.200	-0.100
80		8		0		|	-0.965	-0.880	-0.900	-0.932
81		8		1		|	-0.837	-0.883	-0.809	-0.841
82		8		2		|	-0.647	-0.718	-0.726	-0.718
83		8		3		|	-0.472	-0.507	-0.538	-0.490
84		8		4		|	-0.381	-0.318	-0.309	-0.328
85		8		5		|	-0.290	-0.200	-0.200	-0.254
86		8		6		|	-0.200	-0.200	-0.200	-0.190
87		8		7		|	-0.210	-0.219	-0.200	-0.200
88		8		8		|	-0.200	-0.218	-0.282	-0.200
89		8		9		|	-0.200	-0.299	-0.290	-0.200
90		9		0		|	-0.864	-0.800	-0.800	-0.808
91		9		1		|	-0.839	-0.800	-0.800	-0.816
92		9		2		|	-0.736	-0.690	-0.702	-0.708
93		9		3		|	-0.564	-0.500	-0.602	-0.503
94		9		4		|	-0.388	-0.400	-0.410	-0.407
95		9		5		|	-0.200	-0.299	-0.291	-0.290
96		9		6		|	-0.290	-0.200	-0.200	-0.200
97		9		7		|	-0.300	-0.300	-0.290	-0.200
98		9		8		|	-0.300	-0.200	-0.291	-0.200
99		9		9		|	-0.300	-0.300	-0.281	-0.299

